2
12
78
3
99
0
67
24
88
51
13
96
72
6
34
58
81
22
97
19
85
42
11
76
90
63
14
39
28
5
47
33
94
71
2
64
56
18
73
27
65
-4
52
40
9
84
-13
31
46
37
80
23
60
-7
55
15
91
36
10
83
21
68
-15
29
59
7
50
93
41
26
-22
74
8
49
87
16
1
-19
62
32
54
70
25
3
82
-11
45
96
17
66
12
58
-28
35
20
89
53
4
44
98
30
63
14
-37
69
6
51
95
22
8
77
56
19
60
-33
27
92
31
10
38
72
5
43
86
15
47
-45
71
13
2
64
90
29
75
18
34
97
11
52
-26
55
23
81
36
9
48
94
28
14
65
-52
7
41
89
32
16
74
30
98
1
60
25
-39
88
57
21
45
83
34
10
69
93
19
27
-17
50
62
13
76
31
4
71
46
20
85
59
8
97
42
18
65
-24
11
56
91
26
38
84
14
3
73
49
95
6
68
22
80
33
5
63
-31
12
54
78
24
9
87
43
17
92
30
7
98
61
35
69
-56
10
47
82
23
14
75
28
1
90
53
16
66
38
2
88
-48
19
59
83
32
11
70
25
6
94
45
13
72
34
5
99
21
63
-41
30
8
86
39
20
78
52
17
93
26
4
67
48
1
85
-23
29
53
89
31
10
74
42
15
97
36
3
60
14
55
80
-29
22
68
91
27
12
79
50
18
95
33
6
71
46
2
88
-36
20
62
83
25
9
76
41
14
92
30
7
54
98
17
65
-47
22
58
81
26
11
73
49
15
90
35
3
67
12
45
87
-25
28
59
93
31
10
75
50
18
96
33
5
70
42
16
82
-51
21
64
88
29
13
77
48
6
91
36
11
66
23
4
85
-38
27
58
94
32
15
72
41
8
89
53
3
69
14
47
83
-42
20
56
95
37
9
78
44
16
90
28
1
74
33
7
86
-34
25
61
92
30
12
80
47
5
96
34
17
68
22
4
89
-49
18
55
81
26
10
73
48
14
97
35
6
60
21
3
84
-27
24
63
91
29
8
75
50
13
98
32
11
70
43
2
88
-45
19
58
82
31
9
76
49
14
95
33
5
69
24
3
87
-30
27
62
90
28
7
79
51
16
96
34
12
65
22
1
84
-38
26
60
92
30
11
78
45
6
97
33
14
67
21
4
88
-44
20
59
83
31
10
74
47
15
98
35
3
61
23
5
91
-31
28
64
93
30
13
79
52
8
95
37
12
68
22
1
87
-29
24
58
94
27
11
75
49
14
96
33
6
70
21
3
89
-41
20
63
91
28
9
77
45
5
98
31
13
66
23
4
84
-36
26
60
93
29
10
74
47
15
95
32
6
71
22
1
90
-48
18
56
82
27
11
73
44
14
97
35
3
68
23
5
85
-33
25
61
88
30
12
79
50
8
96
34
16
70
23
4
92
-46
17
59
83
31
10
75
48
14
94
33
7
69
24
5
87
-37
20
62
89
28
11
76
43
9
95
32
6
71
21
3
84
-40
19
57
92
30
12
78
49
15
96
34
5
68
24
4
90
-39
27
56
82
31
10
74
48
13
97
35
6
69
21
2
88
-43
20
60
91
28
11
77
50
14
94
33
7
72
24
3
85
-35
26
63
89
30
13
75
47
8
93
34
5
70
22
1
87
-31
25
61
90
27
11
76
49
14
95
33
6
68
23
4
92
-44
19
58
83
31
10
74
48
15
96
35
3
69
21
2
88
-42
24
57
91
29
12
78
50
9
93
33
6
71
22
1
85
-37
26
60
89
30
11
77
48
14
94
32
5
70
21
3
88
-40
