5
2
1
6
-3
4
-2
1
9
15
11
18
6
16
4
9
4
3
19
8
17
19
4
9
3
2
10
15
16
4
3
18
2
4
11
16
8
0
12
17
18
18
3
2
1 
4
5
6
1
16
3
7
12
1
9
0
8
2
2
18
15
7
3
6
13
4
0
19
14
18
10
6
6
18
2
7
2
9
16
1
17
6
6
11
17
12
5
11
20
6
10
0
6
11
3
18
9
13
16
7
8
19
20
16
9
12
13
2
17
10
13
1
17
0
14
4
5
10
9
11
10
10
10
0
20
19
16
4
8
0
7
19
8
0
15
19
4
11
5
2
8
4
9
4
16
15
4
15
14
4
16
4
20
16
4
11
9
6
11
13
10
16
3
12
3
17
12
18
3
13
20
0
8
10
10
19
17
6
6
3
18
18
4
19
7
5
14
7
19
1
11
13
20
7
13
15
11
4
8
6
15
7
13
5
6
1
3
4
7
4
12
16
4
17
11
15
16
0
18
17
4
14
18
7
17
11
13
17
1
9
19
20
2
16
1
19
11
1
4
11
14
17
2
13
19
18
4
17
12
15
16
13
0
2
13
13
12
19
11
12
7
3
3
9
16
15
1
14
2
18
7
10
13
4
16
11
12
4
9
10
11
0
11
0
4
15
2
5
1
16
7
16
20
11
9
20
17
0
17
13
9
11
2
6
16
8
7
6
1
5
14
5
5
1
9
0
17
6
4
11
13
18
19
19
12
2
17
14
6
10
6
8
15
6
11
4
14
13
13
5
12
20
14
16
18
15
6
18
15
10
4
0
14
11
20
18
0
16
3
13
12
5
19
8
2
13
3
7
11
15
17
4
10
15
12
9
7
12
6
14
16
6
2
6
1
10
1
17
7
5
3
4
4
8
18
9
13
1
2
0
13
14
20
19
17
0
11
17
6
11
3
6
19
10
19
1
17
5
18
5
2
10
16
5
6
18
16
0
4
16
10
20
11
4
9
5
6
12
16
10
14
17
10
15
15
8
10
17
8
1
14
1
16
11
9
15
6
13
8
5
14
2
20
1
17
8
3
5
20
11
16
3
11
0
19
20
14
20
5
3
2
17
15
1
9
7
12
2
2
11
3
12
16
8
2
13
15
10
20
17
1
1
0
2
10
3
12
7
15
11
15
2
12
7
0
0
0
12
14
7
11
5
11
6
9
13
0
16
18
11
14
5
6
4
7
4
5
19
7
7
19
10
1
7
16
1
1
12
3
14
17
4
17
12
20
11
14
13
9
10
16
3
17
12
11
13
17
7
7
9
14
12
18
6
9
2
5
4
17
4
4
0
12
0
10
5
9
14
14
10
1
3
9
10
8
5
10
7
3
13
4
9
5
1
3
3
4
4
4
7
18
10
10
12
17
20
15
17
0
7
13
11
11
6
19
6
7
4
12
5
17
6
10
20
3
10
8
13
19
5
13
8
1
10
3
7
18
16
1
18
15
19
16
10
9
0
14
9
0
3
0
4
5
11
7
18
3
10
6
11
19
16
13
4
1
4
7
1
15
11
16
17
14
12
12
17
15
17
14
20
8
7
0
8
20
0
7
19
3
4
20
2
1
11
15
7
12
2
11
12
16
2
17
9
15
14
18
14
6
18
12
8
0
1
2
10
13
1
16
0
5
2
9
11
20
7
20
8
12
17
5
20
0
0
8
19
19
11
13
1
3
6
16
9
1
13
1
10
4
9
14
2
1
9
19
5
8
13
0
12
1
10
14
1
17
2
12
15
8
15
7
19
11
15
10
19
14
15
10
11
11
0
8
16
19
18
14
7
14
1
11
2
17
13
17
15
5
18
4
0
11
9
1
1
2
0
4
11
16
11
12
16
9
11
10
2
19
13
15
12
16
14
1
10
4
8
11
15
15
0
16
5
16
6
7
16
10
2
3
4
17
13
13
20
3
4
18
2
16
17
18
9
19
14
2
16
5
9
15
2
20
0
16
0
13
2
7
7
20
12
4
11
6
3
3
2
16
2
0
15
14
6
9
1
4
19
19
11
10
19
18
7
11
13
17
11
7
0
0
3
17
8
6
2
17
2
4
3
15
1
10
12
20
2
2
16
8
19
1
4
10
8
19
11
8
6
7
9
